# Sector Layer Component t0 dt0 extra1 extra2 chi2ndf
1  11  1  395.8966  52.3348  0.0  0.0  1.08
1  11  2  392.0459  41.6102  0.0  0.0  1.16
1  11  3  379.2534  30.5286  0.0  0.0  1.15
1  11  4  447.1414  37.2857  0.0  0.0  2.57
1  11  5  453.0600  36.0489  0.0  0.0  2.72
1  11  6  380.4585  30.8231  0.0  0.0  1.32
1  11  7  384.9108  39.6669  0.0  0.0  1.19
1  11  8  391.3003  50.3110  0.0  0.0  1.03
1  11  9  435.9760  56.4884  0.0  0.0  1.39
1  11  10  432.2267  45.0524  0.0  0.0  1.10
1  11  11  372.8715  31.0627  0.0  0.0  1.17
1  11  12  381.2604  31.9005  0.0  0.0  1.08
1  11  13  376.5976  27.0750  0.0  0.0  1.14
1  11  14  379.0529  33.3131  0.0  0.0  1.13
1  11  15  410.0697  53.6125  0.0  0.0  1.19
1  11  16  419.5580  58.6627  0.0  0.0  1.17
1  11  17  400.9552  67.1536  0.0  0.0  1.30
1  11  18  383.5979  35.8692  0.0  0.0  1.16
1  11  19  380.8793  33.4036  0.0  0.0  1.04
1  11  20  456.3929  33.1942  0.0  0.0  2.39
1  11  21  456.2999  35.8072  0.0  0.0  2.34
1  11  22  379.1829  33.1038  0.0  0.0  1.23
1  11  23  393.1286  58.5301  0.0  0.0  1.19
1  11  24  389.3346  48.9629  0.0  0.0  1.09
1  11  25  389.1681  50.1306  0.0  0.0  1.20
1  11  26  381.6114  37.6388  0.0  0.0  0.98
1  11  27  385.6152  36.3409  0.0  0.0  1.27
1  11  28  375.4303  25.6934  0.0  0.0  1.02
1  11  29  374.3965  25.4663  0.0  0.0  1.08
1  11  30  389.7077  35.1663  0.0  0.0  1.21
1  11  31  398.5743  44.4746  0.0  0.0  1.34
1  11  32  402.3894  56.2643  0.0  0.0  1.06
1  11  33  402.3894  0.0000  0.0  0.0  0.00
1  11  34  384.2557  30.1279  0.0  0.0  1.17
1  11  35  381.3900  27.5007  0.0  0.0  1.06
1  11  36  378.0967  27.9762  0.0  0.0  1.31
1  11  37  376.9060  27.9012  0.0  0.0  1.12
1  11  38  383.5081  33.5684  0.0  0.0  1.19
1  11  39  407.4569  71.5277  0.0  0.0  1.12
1  11  40  397.4143  57.4415  0.0  0.0  1.28
1  11  41  460.9228  51.7936  0.0  0.0  2.74
1  11  42  464.1708  34.6164  0.0  0.0  3.00
1  11  43  376.6295  28.1715  0.0  0.0  1.08
1  11  44  376.9815  26.4414  0.0  0.0  1.29
1  11  45  375.7629  26.6241  0.0  0.0  1.17
1  11  46  389.1476  37.7176  0.0  0.0  1.19
1  11  47  394.3935  53.0582  0.0  0.0  1.24
1  21  1  393.0041  54.7641  0.0  0.0  1.15
1  21  2  383.1499  37.8549  0.0  0.0  1.05
1  21  3  381.7697  37.4669  0.0  0.0  1.13
1  21  4  380.8410  37.4003  0.0  0.0  1.00
1  21  5  469.2225  62.1707  0.0  0.0  1.27
1  21  6  471.3410  68.9391  0.0  0.0  1.19
1  21  7  480.4609  91.1379  0.0  0.0  1.50
1  21  8  389.4708  59.5440  0.0  0.0  1.13
1  21  9  387.5599  53.1692  0.0  0.0  1.06
1  21  10  385.3867  49.2578  0.0  0.0  1.03
1  21  11  414.0237  50.6371  0.0  0.0  1.10
1  21  12  409.1190  44.6608  0.0  0.0  1.17
1  21  13  417.7428  46.9914  0.0  0.0  1.12
1  21  14  381.0938  43.8336  0.0  0.0  1.33
1  21  15  388.2810  48.9309  0.0  0.0  0.97
1  21  16  389.7825  48.7251  0.0  0.0  1.13
1  21  17  410.7653  3.4357  0.0  0.0  1.16
1  21  18  407.5970  52.3417  0.0  0.0  1.14
1  21  19  405.6608  77.2571  0.0  0.0  1.19
1  21  20  381.3271  39.6197  0.0  0.0  1.12
1  21  21  384.7522  39.7179  0.0  0.0  1.13
1  21  22  380.8965  35.4047  0.0  0.0  1.04
1  21  23  382.9439  38.5289  0.0  0.0  1.09
1  21  24  455.5751  57.4506  0.0  0.0  1.26
1  21  25  446.9104  62.8632  0.0  0.0  1.36
1  21  26  467.9445  90.7114  0.0  0.0  1.23
1  21  27  388.0767  51.8858  0.0  0.0  0.99
1  21  28  383.2114  47.5069  0.0  0.0  1.17
1  21  29  382.6933  39.3023  0.0  0.0  1.10
1  21  30  385.4413  42.2064  0.0  0.0  1.00
1  21  31  381.0562  40.1310  0.0  0.0  1.07
1  21  32  382.0825  39.7568  0.0  0.0  1.19
1  21  33  384.7353  38.7962  0.0  0.0  1.14
1  21  34  388.2915  53.8838  0.0  0.0  1.34
1  21  35  393.0226  54.2265  0.0  0.0  1.11
1  21  36  395.3906  49.4906  0.0  0.0  1.16
1  21  37  394.9410  51.9323  0.0  0.0  1.18
1  21  38  394.4304  45.8574  0.0  0.0  1.22
1  21  39  388.6741  37.3524  0.0  0.0  1.23
1  21  40  384.6153  35.1868  0.0  0.0  1.06
1  21  41  387.6283  39.1814  0.0  0.0  1.18
1  21  42  388.6831  44.7425  0.0  0.0  1.10
1  21  43  394.3876  52.0115  0.0  0.0  1.22
1  21  44  395.3981  59.0717  0.0  0.0  1.53
1  21  45  389.2721  47.4813  0.0  0.0  1.11
1  21  46  401.1406  55.9397  0.0  0.0  0.94
1  21  47  391.0669  42.8872  0.0  0.0  1.58
1  21  48  388.2996  40.4001  0.0  0.0  1.36
1  21  49  462.7720  45.8256  0.0  0.0  1.30
1  21  50  457.6900  45.5361  0.0  0.0  1.33
1  21  51  473.5406  53.1306  0.0  0.0  1.23
1  21  52  385.3853  39.6348  0.0  0.0  1.22
1  21  53  395.7735  71.3626  0.0  0.0  1.11
1  21  54  394.0394  65.6321  0.0  0.0  1.38
1  21  55  392.6491  66.1022  0.0  0.0  1.40
1  21  56  389.2093  57.2667  0.0  0.0  1.34
1  22  1  387.1525  43.9578  0.0  0.0  1.32
1  22  2  386.5889  46.5032  0.0  0.0  1.30
1  22  3  383.4094  44.0838  0.0  0.0  1.27
1  22  4  443.7244  52.3290  0.0  0.0  1.20
1  22  5  418.8195  20933.7157  0.0  0.0  0.00
1  22  6  468.4771  70.2606  0.0  0.0  1.23
1  22  7  395.1248  91.6362  0.0  0.0  1.22
1  22  8  395.3141  74.2844  0.0  0.0  1.22
1  22  9  393.0686  66.5770  0.0  0.0  1.07
1  22  10  402.2607  58.2674  0.0  0.0  1.12
1  22  11  401.4919  51.2313  0.0  0.0  1.08
1  22  12  387.2919  48.3830  0.0  0.0  1.24
1  22  13  398.2308  48.9750  0.0  0.0  1.15
1  22  14  384.7686  46.4003  0.0  0.0  1.19
1  22  15  388.4779  59.9777  0.0  0.0  1.31
1  22  16  388.2984  57.4882  0.0  0.0  1.26
1  22  17  400.5655  68.6681  0.0  0.0  1.10
1  22  18  398.8529  59.7971  0.0  0.0  1.14
1  22  19  396.9184  54.2842  0.0  0.0  1.24
1  22  20  384.4659  42.2085  0.0  0.0  1.10
1  22  21  382.6106  41.3029  0.0  0.0  1.29
1  22  22  388.5056  51.2412  0.0  0.0  0.92
1  22  23  412.6841  50.2891  0.0  0.0  1.26
1  22  24  434.1913  63.7811  0.0  0.0  1.18
1  22  25  424.8986  81.8023  0.0  0.0  1.05
1  22  26  389.6554  62.7094  0.0  0.0  1.14
1  22  27  388.0200  55.2061  0.0  0.0  1.08
1  22  28  384.6032  47.2977  0.0  0.0  1.19
1  22  29  380.1052  48.1554  0.0  0.0  1.02
1  22  30  380.5782  42.5734  0.0  0.0  1.20
1  22  31  383.1049  46.8912  0.0  0.0  1.26
1  22  32  384.3778  38.3414  0.0  0.0  0.98
1  22  33  385.5718  48.7371  0.0  0.0  1.20
1  22  34  390.6993  53.4447  0.0  0.0  1.31
1  22  35  395.0698  69.2694  0.0  0.0  0.88
1  22  36  395.6127  53.4843  0.0  0.0  1.34
1  22  37  392.1050  57.5313  0.0  0.0  1.01
1  22  38  385.7822  46.6836  0.0  0.0  1.20
1  22  39  385.1833  44.0944  0.0  0.0  1.22
1  22  40  386.5535  42.3887  0.0  0.0  1.18
1  22  41  386.4159  44.7564  0.0  0.0  1.19
1  22  42  394.8365  71.4103  0.0  0.0  1.25
1  22  43  394.4776  57.1203  0.0  0.0  1.20
1  22  44  400.8552  3.0857  0.0  0.0  1.26
1  22  45  397.9405  67.9167  0.0  0.0  1.15
1  22  46  402.8723  76.5139  0.0  0.0  1.21
1  22  47  388.4553  44.6018  0.0  0.0  1.29
1  22  48  424.0307  50.5178  0.0  0.0  1.14
1  22  49  452.0163  50.0982  0.0  0.0  1.48
1  22  50  432.6133  48.5746  0.0  0.0  1.22
1  22  51  383.8961  45.2666  0.0  0.0  1.34
1  22  52  392.3033  51.3875  0.0  0.0  1.24
1  22  53  393.1841  54.4310  0.0  0.0  1.18
1  22  54  393.5486  62.6775  0.0  0.0  1.27
1  22  55  391.4126  50.2904  0.0  0.0  1.23
1  22  56  389.6210  54.0865  0.0  0.0  1.20
1  31  1  397.1481  71.9224  0.0  0.0  1.08
1  31  2  394.8503  64.9288  0.0  0.0  1.09
1  31  3  397.5631  71.9029  0.0  0.0  1.39
1  31  4  390.2443  51.9135  0.0  0.0  1.41
1  31  5  396.1446  50.3503  0.0  0.0  1.22
1  31  6  421.1599  45.6814  0.0  0.0  1.11
1  31  7  390.0865  44.1763  0.0  0.0  1.43
1  31  8  411.6733  53.9860  0.0  0.0  2.77
1  31  9  384.6358  46.5606  0.0  0.0  1.08
1  31  10  383.9472  40.7814  0.0  0.0  1.11
1  31  11  390.0126  60.5936  0.0  0.0  1.37
1  31  12  396.9262  72.1957  0.0  0.0  1.14
1  31  13  399.0261  77.1941  0.0  0.0  1.30
1  31  14  408.3754  3.2948  0.0  0.0  1.14
1  31  15  408.4068  5424.7073  0.0  0.0  0.00
1  31  16  395.4658  68.6565  0.0  0.0  1.31
1  31  17  391.1581  49.9777  0.0  0.0  1.17
1  31  18  378.1250  37.2965  0.0  0.0  1.27
1  31  19  385.8391  42.3679  0.0  0.0  1.23
1  31  20  384.7538  41.6247  0.0  0.0  1.17
1  31  21  382.0714  41.1281  0.0  0.0  1.15
1  31  22  385.7143  49.1962  0.0  0.0  1.14
1  31  23  390.1213  62.7605  0.0  0.0  1.29
1  31  24  382.8054  22.3375  0.0  0.0  2.93
1  31  25  398.4576  2.9463  0.0  0.0  1.30
1  31  26  394.3656  87.4625  0.0  0.0  1.27
1  31  27  397.4491  64.5470  0.0  0.0  1.02
1  31  28  391.9388  77.3810  0.0  0.0  1.38
1  31  29  384.0810  48.9088  0.0  0.0  1.20
1  31  30  400.2643  50.4712  0.0  0.0  1.06
1  31  31  388.8687  54.5131  0.0  0.0  1.26
1  31  32  406.7122  55.8144  0.0  0.0  1.00
1  31  33  390.8248  51.8218  0.0  0.0  1.08
1  31  34  387.0504  46.5210  0.0  0.0  1.28
1  31  35  387.8635  49.8125  0.0  0.0  1.18
1  31  36  393.2014  82.6511  0.0  0.0  1.17
1  31  37  417.5943  3.2632  0.0  0.0  1.12
1  31  38  394.1461  3.4795  0.0  0.0  1.31
1  31  39  416.8490  72.1453  0.0  0.0  1.06
1  31  40  394.0239  79.4785  0.0  0.0  1.07
1  31  41  389.0179  50.6558  0.0  0.0  1.21
1  31  42  385.0902  42.3224  0.0  0.0  1.09
1  31  43  386.0052  47.8791  0.0  0.0  1.26
1  31  44  384.1314  42.5535  0.0  0.0  1.08
1  31  45  384.4000  41.8060  0.0  0.0  1.12
1  31  46  384.8597  40.9599  0.0  0.0  1.46
1  31  47  383.7872  19.5489  0.0  0.0  2.94
1  31  48  382.8054  23.3683  0.0  0.0  2.99
1  31  49  399.6215  69.9115  0.0  0.0  1.09
1  31  50  399.8519  70.2894  0.0  0.0  1.02
1  31  51  400.4479  88.6298  0.0  0.0  1.40
1  31  52  398.8591  60.5081  0.0  0.0  1.15
1  31  53  389.2337  50.1351  0.0  0.0  1.33
1  31  54  390.8044  50.6248  0.0  0.0  1.26
1  31  55  389.6530  44.0112  0.0  0.0  1.36
1  31  56  387.9219  47.6980  0.0  0.0  1.38
1  31  57  391.7533  39.8945  0.0  0.0  1.49
1  31  58  386.1073  39.1210  0.0  0.0  1.25
1  31  59  394.6514  58.6397  0.0  0.0  1.34
1  31  60  398.9167  75.6402  0.0  0.0  1.09
1  31  61  402.2241  3.1669  0.0  0.0  1.25
1  31  62  424.4605  87.5564  0.0  0.0  1.07
1  31  63  407.6964  74.2126  0.0  0.0  1.06
1  31  64  398.0016  6.8062  0.0  0.0  2.80
1  31  65  387.8533  44.5623  0.0  0.0  1.18
1  31  66  386.0458  41.9305  0.0  0.0  1.16
1  31  67  383.8611  43.0039  0.0  0.0  1.38
1  31  68  383.5857  39.6291  0.0  0.0  1.40
1  31  69  387.7805  44.8089  0.0  0.0  1.34
1  31  70  386.6533  43.1451  0.0  0.0  1.24
1  31  71  392.3989  54.3630  0.0  0.0  1.07
1  31  72  382.8054  22.6639  0.0  0.0  2.98
1  32  1  398.1845  73.2669  0.0  0.0  1.06
1  32  2  396.3804  76.6356  0.0  0.0  1.24
1  32  3  382.8054  23.8022  0.0  0.0  2.91
1  32  4  390.2102  57.6136  0.0  0.0  1.24
1  32  5  390.3460  50.7393  0.0  0.0  1.18
1  32  6  390.9117  45.4243  0.0  0.0  1.28
1  32  7  386.0650  45.2618  0.0  0.0  1.08
1  32  8  389.6090  49.8349  0.0  0.0  1.15
1  32  9  382.9052  43.2375  0.0  0.0  1.25
1  32  10  388.1602  53.5468  0.0  0.0  1.34
1  32  11  395.6089  3.4519  0.0  0.0  1.38
1  32  12  401.4265  2.8321  0.0  0.0  1.09
1  32  13  402.5833  3.1798  0.0  0.0  1.06
1  32  14  396.9231  78.4687  0.0  0.0  1.15
1  32  15  394.0857  101.9504  0.0  0.0  1.12
1  32  16  392.3499  66.0979  0.0  0.0  1.47
1  32  17  389.6801  53.5496  0.0  0.0  1.30
1  32  18  389.3430  51.5525  0.0  0.0  1.21
1  32  19  395.7244  61.1194  0.0  0.0  1.21
1  32  20  385.9669  45.9896  0.0  0.0  1.04
1  32  21  392.9065  58.0412  0.0  0.0  1.14
1  32  22  386.5609  77.1036  0.0  0.0  1.24
1  32  23  394.1909  3.1867  0.0  0.0  1.35
1  32  24  395.9559  81.9921  0.0  0.0  1.21
1  32  25  400.8179  87.6846  0.0  0.0  1.08
1  32  26  399.7115  3.4832  0.0  0.0  1.22
1  32  27  399.9095  84.5685  0.0  0.0  1.15
1  32  28  392.6958  69.2353  0.0  0.0  1.17
1  32  29  383.7872  22.5196  0.0  0.0  2.93
1  32  30  383.3837  47.9278  0.0  0.0  1.19
1  32  31  385.4904  46.3347  0.0  0.0  1.16
1  32  32  381.9932  43.3603  0.0  0.0  1.04
1  32  33  385.0758  48.9262  0.0  0.0  1.23
1  32  34  387.1969  56.5469  0.0  0.0  1.43
1  32  35  394.9336  95.1704  0.0  0.0  1.27
1  32  36  382.8054  34.0917  0.0  0.0  2.87
1  32  37  405.3891  4.0846  0.0  0.0  1.35
1  32  38  411.0826  4.1922  0.0  0.0  1.35
1  32  39  415.6757  112.4732  0.0  0.0  1.17
1  32  40  410.1452  70.2134  0.0  0.0  1.16
1  32  41  387.7876  57.3486  0.0  0.0  1.10
1  32  42  385.9150  46.2511  0.0  0.0  1.07
1  32  43  387.6658  46.4250  0.0  0.0  1.18
1  32  44  386.0885  43.7275  0.0  0.0  1.18
1  32  45  388.0261  44.9164  0.0  0.0  1.33
1  32  46  385.4202  51.6859  0.0  0.0  1.06
1  32  47  394.0458  83.9231  0.0  0.0  1.28
1  32  48  382.8054  25.3202  0.0  0.0  2.88
1  32  49  400.1634  80.5714  0.0  0.0  1.08
1  32  50  399.4298  78.0563  0.0  0.0  1.12
1  32  51  398.7095  93.4981  0.0  0.0  1.29
1  32  52  395.1722  65.5860  0.0  0.0  1.30
1  32  53  389.1247  51.7025  0.0  0.0  1.00
1  32  54  392.7784  50.5616  0.0  0.0  1.07
1  32  55  394.2086  44.3345  0.0  0.0  1.36
1  32  56  387.0945  43.7660  0.0  0.0  1.13
1  32  57  388.4089  45.9882  0.0  0.0  1.05
1  32  58  390.9155  43.5227  0.0  0.0  1.42
1  32  59  395.5977  75.9343  0.0  0.0  1.33
1  32  60  399.5315  75.7671  0.0  0.0  1.12
1  32  61  406.4997  2.6334  0.0  0.0  1.26
1  32  62  406.5202  3.5272  0.0  0.0  1.11
1  32  63  406.5202  0.0000  0.0  0.0  0.00
1  32  64  395.6457  71.9443  0.0  0.0  1.31
1  32  65  389.6066  50.0786  0.0  0.0  0.94
1  32  66  389.5768  48.6686  0.0  0.0  1.15
1  32  67  390.7762  54.7833  0.0  0.0  1.06
1  32  68  386.9795  43.5468  0.0  0.0  1.55
1  32  69  390.0681  46.3654  0.0  0.0  1.23
1  32  70  389.8709  47.2771  0.0  0.0  1.12
1  32  71  396.4139  89.5628  0.0  0.0  1.17
1  32  72  401.7135  3.6692  0.0  0.0  1.27
1  41  1  390.4134  66.0481  0.0  0.0  1.01
1  41  2  387.5688  53.0864  0.0  0.0  1.37
1  41  3  386.9810  49.4703  0.0  0.0  1.31
1  41  4  386.4732  45.2891  0.0  0.0  1.06
1  41  5  385.4469  46.7245  0.0  0.0  1.10
1  41  6  389.5245  52.0014  0.0  0.0  0.97
1  41  7  390.9971  67.7979  0.0  0.0  1.35
1  41  8  392.6261  71.2134  0.0  0.0  1.23
1  41  9  393.3888  70.2789  0.0  0.0  1.22
1  41  10  398.0403  3.8760  0.0  0.0  1.26
1  41  11  399.9400  3.9180  0.0  0.0  1.17
1  41  12  401.0948  3.6765  0.0  0.0  0.98
1  41  13  398.3624  3.3205  0.0  0.0  1.04
1  41  14  396.5826  83.6173  0.0  0.0  1.20
1  41  15  388.9788  62.4872  0.0  0.0  1.22
1  41  16  388.6723  58.5070  0.0  0.0  1.08
1  41  17  388.1016  54.2915  0.0  0.0  1.25
1  41  18  382.8054  22.3780  0.0  0.0  2.78
1  41  19  387.5131  54.7536  0.0  0.0  1.16
1  41  20  387.5364  60.8998  0.0  0.0  1.25
1  41  21  385.2341  56.5270  0.0  0.0  1.01
1  41  22  382.8054  25.6397  0.0  0.0  2.97
1  41  23  393.5470  80.7848  0.0  0.0  1.04
1  41  24  397.8040  3.5920  0.0  0.0  1.12
1  41  25  400.0564  3.0567  0.0  0.0  1.18
1  41  26  397.8595  88.4471  0.0  0.0  1.08
1  41  27  397.1338  3.8440  0.0  0.0  1.04
1  41  28  395.6646  3.6465  0.0  0.0  1.06
1  41  29  388.6285  61.2462  0.0  0.0  1.41
1  41  30  382.8054  16.8687  0.0  0.0  2.85
1  41  31  394.1094  66.5808  0.0  0.0  1.20
1  41  32  390.3141  56.8578  0.0  0.0  1.34
1  41  33  388.5441  61.9728  0.0  0.0  1.31
1  41  34  391.6926  64.9874  0.0  0.0  1.38
1  41  35  382.8054  22.3560  0.0  0.0  2.87
1  41  36  388.8666  57.3618  0.0  0.0  0.95
1  41  37  393.4751  61.5595  0.0  0.0  1.46
1  41  38  398.5373  88.4974  0.0  0.0  1.21
1  41  39  393.6151  87.5893  0.0  0.0  1.05
1  41  40  395.3763  88.7771  0.0  0.0  1.26
1  41  41  394.1267  83.9531  0.0  0.0  1.08
1  41  42  394.4368  92.4535  0.0  0.0  0.98
1  41  43  394.5196  75.4934  0.0  0.0  1.14
1  41  44  394.8047  68.9706  0.0  0.0  1.21
1  41  45  393.7158  68.8137  0.0  0.0  1.41
1  41  46  388.3653  50.3921  0.0  0.0  1.06
1  41  47  388.5031  53.8089  0.0  0.0  1.14
1  41  48  389.1890  44.7628  0.0  0.0  1.20
1  41  49  384.3687  44.6458  0.0  0.0  1.27
1  41  50  389.2183  48.9451  0.0  0.0  1.30
1  41  51  382.8054  20.0497  0.0  0.0  2.96
1  41  52  400.7683  88.5915  0.0  0.0  1.35
1  41  53  399.0433  3.1395  0.0  0.0  1.23
1  41  54  395.8748  78.9459  0.0  0.0  1.31
1  41  55  398.0723  4.1669  0.0  0.0  1.13
1  41  56  398.2060  91.9771  0.0  0.0  1.13
1  41  57  395.0105  80.4845  0.0  0.0  1.24
1  41  58  390.8634  61.6688  0.0  0.0  1.17
1  41  59  387.3724  50.2212  0.0  0.0  1.07
1  41  60  389.9529  48.6356  0.0  0.0  1.20
1  41  61  389.9673  8296.9439  0.0  0.0  0.00
1  41  62  389.3869  45.7122  0.0  0.0  1.31
1  41  63  396.0169  55.6979  0.0  0.0  1.25
1  41  64  383.7872  19.8107  0.0  0.0  2.94
1  41  65  391.8105  53.5423  0.0  0.0  1.10
1  41  66  401.0429  79.8453  0.0  0.0  1.17
1  41  67  398.6509  81.5573  0.0  0.0  1.16
1  41  68  402.7271  3.5242  0.0  0.0  1.32
1  41  69  400.8907  3.4589  0.0  0.0  1.16
1  41  70  402.4967  3.9792  0.0  0.0  1.16
1  41  71  400.4279  71.7992  0.0  0.0  1.18
1  41  72  397.0505  69.8367  0.0  0.0  1.16
1  41  73  393.7229  60.9366  0.0  0.0  1.14
1  41  74  393.7229  0.0000  0.0  0.0  0.00
1  41  75  393.2194  58.1694  0.0  0.0  1.22
1  41  76  388.1832  47.7130  0.0  0.0  1.16
1  41  77  388.0367  42.9832  0.0  0.0  1.07
1  41  78  384.9590  45.2686  0.0  0.0  1.24
1  41  79  389.0442  52.3939  0.0  0.0  1.15
1  41  80  385.3410  53.5285  0.0  0.0  1.16
1  41  81  389.9013  55.2906  0.0  0.0  1.12
1  41  82  395.8022  60.7798  0.0  0.0  1.37
1  41  83  399.5859  92.3773  0.0  0.0  1.12
1  41  84  404.4715  3.5112  0.0  0.0  1.00
1  41  85  399.1734  90.6626  0.0  0.0  1.09
1  41  86  397.6357  86.9338  0.0  0.0  1.21
1  41  87  396.0211  60.7212  0.0  0.0  1.15
1  42  1  390.8084  55.1794  0.0  0.0  1.19
1  42  2  390.5719  63.4958  0.0  0.0  1.31
1  42  3  385.6197  50.8883  0.0  0.0  1.13
1  42  4  386.4817  52.7545  0.0  0.0  1.29
1  42  5  383.1665  47.7987  0.0  0.0  1.42
1  42  6  386.7194  51.8393  0.0  0.0  1.29
1  42  7  382.8054  31.3326  0.0  0.0  2.67
1  42  8  382.8054  28.0721  0.0  0.0  2.65
1  42  9  394.2569  73.1787  0.0  0.0  1.08
1  42  10  393.6643  69.5005  0.0  0.0  1.04
1  42  11  398.8203  91.3787  0.0  0.0  1.39
1  42  12  395.3448  78.5589  0.0  0.0  1.23
1  42  13  398.5706  98.7843  0.0  0.0  1.28
1  42  14  396.0507  89.6928  0.0  0.0  1.13
1  42  15  392.8939  70.1780  0.0  0.0  1.23
1  42  16  390.9821  54.1717  0.0  0.0  1.18
1  42  17  389.2837  60.9316  0.0  0.0  1.18
1  42  18  387.5539  64.5491  0.0  0.0  1.09
1  42  19  382.8054  25.3500  0.0  0.0  2.73
1  42  20  391.5353  64.7338  0.0  0.0  1.08
1  42  21  388.0012  51.5660  0.0  0.0  1.28
1  42  22  382.8054  31.9286  0.0  0.0  2.64
1  42  23  390.3181  56.4558  0.0  0.0  1.05
1  42  24  382.8054  24.7550  0.0  0.0  2.83
1  42  25  397.8325  76.1202  0.0  0.0  1.12
1  42  26  396.0137  67.5203  0.0  0.0  1.19
1  42  27  398.5541  95.0947  0.0  0.0  1.03
1  42  28  400.8427  97.1623  0.0  0.0  1.12
1  42  29  395.2377  83.7333  0.0  0.0  1.14
1  42  30  389.2441  67.2848  0.0  0.0  1.16
1  42  31  387.5749  59.4112  0.0  0.0  1.09
1  42  32  390.9982  56.7543  0.0  0.0  1.28
1  42  33  383.7872  21.4717  0.0  0.0  2.76
1  42  34  386.3279  49.5603  0.0  0.0  1.25
1  42  35  390.2987  57.1854  0.0  0.0  1.14
1  42  36  386.7460  57.4351  0.0  0.0  0.98
1  42  37  391.0807  54.5710  0.0  0.0  1.27
1  42  38  392.3014  62.9163  0.0  0.0  1.07
1  42  39  398.1320  4.2647  0.0  0.0  1.03
1  42  40  397.6920  82.1520  0.0  0.0  1.07
1  42  41  395.7866  81.2544  0.0  0.0  1.13
1  42  42  395.8916  84.3931  0.0  0.0  1.01
1  42  43  400.3531  96.4970  0.0  0.0  1.07
1  42  44  389.9097  69.3296  0.0  0.0  1.25
1  42  45  392.2167  74.4867  0.0  0.0  1.06
1  42  46  390.0732  63.4064  0.0  0.0  1.19
1  42  47  382.8054  22.2627  0.0  0.0  2.84
1  42  48  382.8054  24.3015  0.0  0.0  2.83
1  42  49  383.7872  97.1364  0.0  0.0  2.99
1  42  50  385.9430  53.9308  0.0  0.0  1.01
1  42  51  388.8070  46.0428  0.0  0.0  1.23
1  42  52  391.8172  59.4121  0.0  0.0  0.96
1  42  53  395.0287  77.3204  0.0  0.0  1.12
1  42  54  395.8508  70.1911  0.0  0.0  1.29
1  42  55  400.7876  100.2171  0.0  0.0  1.08
1  42  56  399.9828  97.4082  0.0  0.0  1.33
1  42  57  398.2578  85.5380  0.0  0.0  1.19
1  42  58  397.5124  84.8106  0.0  0.0  1.19
1  42  59  396.3629  66.4668  0.0  0.0  1.25
1  42  60  382.8054  29.3905  0.0  0.0  2.85
1  42  61  391.5640  57.8087  0.0  0.0  1.17
1  42  62  388.0881  49.4562  0.0  0.0  1.15
1  42  63  388.9738  44.6962  0.0  0.0  1.09
1  42  64  383.7872  29.2911  0.0  0.0  2.89
1  42  65  392.9267  51.5588  0.0  0.0  1.30
1  42  66  397.7600  69.2106  0.0  0.0  1.18
1  42  67  401.0191  69.4133  0.0  0.0  1.16
1  42  68  403.4935  72.5602  0.0  0.0  0.94
1  42  69  403.5510  97.4255  0.0  0.0  1.21
1  42  70  400.8695  80.3961  0.0  0.0  1.23
1  42  71  397.6196  82.7620  0.0  0.0  1.11
1  42  72  397.9133  66.5435  0.0  0.0  1.15
1  42  73  398.2116  78.4476  0.0  0.0  1.08
1  42  74  393.7994  58.8693  0.0  0.0  1.22
1  42  75  382.8054  31.5085  0.0  0.0  2.77
1  42  76  392.4202  57.7452  0.0  0.0  1.09
1  42  77  391.8804  55.2874  0.0  0.0  1.09
1  42  78  389.4199  53.0227  0.0  0.0  1.09
1  42  79  385.7806  52.5152  0.0  0.0  1.35
1  42  80  387.2032  53.0179  0.0  0.0  1.08
1  42  81  389.2156  60.9407  0.0  0.0  1.15
1  42  82  393.7070  60.7110  0.0  0.0  1.02
1  42  83  393.3443  68.6327  0.0  0.0  1.14
1  42  84  402.1563  100.2982  0.0  0.0  1.05
1  42  85  399.7791  72.4012  0.0  0.0  1.21
1  42  86  399.5722  72.8859  0.0  0.0  1.20
1  42  87  400.3179  91.8949  0.0  0.0  1.30
1  51  1  396.9636  81.9952  0.0  0.0  1.19
1  51  2  382.8054  24.2855  0.0  0.0  2.98
1  51  3  382.8054  30.9993  0.0  0.0  2.56
1  51  4  399.6561  102.4070  0.0  0.0  1.22
1  51  5  383.7872  23.6399  0.0  0.0  2.41
1  51  6  386.4088  53.8883  0.0  0.0  1.40
1  51  7  382.8008  45.3622  0.0  0.0  1.29
1  51  8  382.7544  44.5666  0.0  0.0  1.03
1  51  9  385.0112  53.2017  0.0  0.0  1.44
1  51  10  385.9143  51.4434  0.0  0.0  1.23
1  51  11  382.8957  47.0372  0.0  0.0  1.28
1  51  12  378.3918  42.6335  0.0  0.0  1.26
1  51  13  379.2273  41.5627  0.0  0.0  1.34
1  51  14  383.2360  50.3975  0.0  0.0  1.29
1  51  15  382.2644  51.9345  0.0  0.0  1.21
1  51  16  393.0272  73.6416  0.0  0.0  1.20
1  51  17  396.4445  76.1009  0.0  0.0  1.36
1  51  18  397.3387  82.5723  0.0  0.0  1.25
1  51  19  394.0033  62.0869  0.0  0.0  1.48
1  51  20  395.6781  82.7100  0.0  0.0  1.44
1  51  21  395.5604  81.3747  0.0  0.0  1.16
1  51  22  388.3062  58.4512  0.0  0.0  1.47
1  51  23  385.9805  47.9724  0.0  0.0  1.26
1  51  24  382.8669  48.0906  0.0  0.0  1.09
1  51  25  381.3371  44.5217  0.0  0.0  1.26
1  51  26  380.0851  46.8273  0.0  0.0  1.15
1  51  27  380.4359  40.9907  0.0  0.0  1.09
1  51  28  384.7655  43.6317  0.0  0.0  1.26
1  51  29  383.9469  43.5975  0.0  0.0  1.13
1  51  30  383.2841  50.7432  0.0  0.0  1.37
1  51  31  386.8091  52.0201  0.0  0.0  1.30
1  51  32  391.2727  60.2469  0.0  0.0  1.50
1  51  33  396.9537  78.0014  0.0  0.0  1.03
1  51  34  382.8054  29.3719  0.0  0.0  2.61
1  51  35  397.8786  77.9605  0.0  0.0  1.30
1  51  36  396.6650  75.3728  0.0  0.0  1.17
1  51  37  382.8054  24.2517  0.0  0.0  2.50
1  51  38  395.0983  75.8617  0.0  0.0  1.16
1  51  39  389.6837  57.2714  0.0  0.0  1.15
1  51  40  385.5476  46.6272  0.0  0.0  1.48
1  51  41  380.3535  43.1035  0.0  0.0  1.01
1  51  42  383.1954  48.3350  0.0  0.0  1.30
1  51  43  383.7826  46.5345  0.0  0.0  1.31
1  51  44  380.8552  42.0626  0.0  0.0  1.33
1  51  45  384.8704  43.8898  0.0  0.0  0.97
1  51  46  385.5196  42.8695  0.0  0.0  1.29
1  51  47  386.2140  49.4489  0.0  0.0  1.26
1  51  48  391.9897  73.4808  0.0  0.0  1.23
1  51  49  398.2238  3.7656  0.0  0.0  1.37
1  51  50  403.0227  3.4923  0.0  0.0  1.12
1  51  51  397.9607  78.2985  0.0  0.0  1.09
1  51  52  395.3808  83.1091  0.0  0.0  1.07
1  51  53  398.7829  96.7348  0.0  0.0  1.26
1  51  54  393.5174  76.5967  0.0  0.0  1.13
1  51  55  388.8109  60.1702  0.0  0.0  1.34
1  51  56  383.1707  50.9303  0.0  0.0  1.18
1  51  57  381.4923  45.0210  0.0  0.0  1.32
1  51  58  385.4375  53.6036  0.0  0.0  0.99
1  51  59  382.2337  48.0015  0.0  0.0  1.10
1  51  60  383.1859  42.5063  0.0  0.0  1.19
1  51  61  382.8864  39.5493  0.0  0.0  1.53
1  51  62  385.2306  45.9791  0.0  0.0  1.19
1  51  63  384.5223  41.6063  0.0  0.0  1.13
1  51  64  391.0451  63.1914  0.0  0.0  1.10
1  51  65  382.8054  62.6483  0.0  0.0  2.94
1  51  66  399.8611  82.4586  0.0  0.0  1.34
1  51  67  399.8481  3.9781  0.0  0.0  1.41
1  51  68  399.3132  3.9152  0.0  0.0  1.38
1  51  69  401.6695  3.8594  0.0  0.0  1.31
1  51  70  396.7301  68.6293  0.0  0.0  1.27
1  51  71  383.7872  22.6002  0.0  0.0  2.79
1  51  72  395.7832  54.8130  0.0  0.0  1.18
1  51  73  391.7470  46.2269  0.0  0.0  1.35
1  51  74  397.7256  60.6483  0.0  0.0  1.13
1  51  75  387.1991  48.5711  0.0  0.0  1.20
1  51  76  390.0950  48.0892  0.0  0.0  1.11
1  51  77  382.5105  41.7111  0.0  0.0  1.28
1  51  78  383.3563  40.2131  0.0  0.0  1.10
1  51  79  384.3942  39.3253  0.0  0.0  1.32
1  51  80  386.8501  43.9896  0.0  0.0  1.15
1  51  81  397.8184  50.6120  0.0  0.0  1.20
1  51  82  409.7375  171.9063  0.0  0.0  0.85
1  51  83  400.3772  67.0895  0.0  0.0  1.19
1  51  84  401.0309  69.2645  0.0  0.0  1.04
1  51  85  405.6229  3.7086  0.0  0.0  1.32
1  51  86  402.8549  3.7440  0.0  0.0  1.28
1  51  87  400.5851  83.0638  0.0  0.0  1.28
1  51  88  383.7872  22.3956  0.0  0.0  2.55
1  51  89  387.7628  46.9746  0.0  0.0  1.24
1  51  90  385.1208  46.8875  0.0  0.0  1.06
1  51  91  384.9943  43.1858  0.0  0.0  1.22
1  51  92  381.1504  38.8451  0.0  0.0  1.41
1  51  93  386.2086  42.2662  0.0  0.0  1.18
1  51  94  383.5866  38.0461  0.0  0.0  1.45
1  51  95  385.8143  39.8657  0.0  0.0  1.11
1  51  96  387.7494  44.9947  0.0  0.0  1.22
1  51  97  393.3332  46.5397  0.0  0.0  1.05
1  51  98  395.4604  47.5051  0.0  0.0  1.30
1  51  99  392.2460  76.3078  0.0  0.0  1.10
